3 6 2 17 6 17 14 8 2 14 4 7 6 6 8 16 15 4 17 6 11 0 13 18 8 3 15 8 12 12 4 18 3 17 15 14 6 
0 2 36 
15 1 19 0 0 0 0 0 0 0 0 0 0 0 0 0 0 0 0 0 0 0 0 0 0 0 0 0 0 0 0 0 0 0 0 14 0 16 
1 2 35 
12 18 15 0 0 0 0 0 0 0 0 0 0 0 0 0 0 0 0 0 0 0 0 0 0 0 0 0 0 0 0 0 0 7 8 15 
1 2 33 
3 3 18 14 5 12 9 14 6 13 
0 2 7 
4 11 18 3 1 14 10 18 8 3 13 7 10 16 5 10 11 
0 2 16 
10 12 2 0 0 0 0 0 0 0 0 18 8 
1 2 10 
12 5 3 0 0 0 0 0 0 0 7 3 14 
1 2 10 
6 14 18 14 8 4 0 18 14 0 19 10 0 
0 2 10 
12 13 13 11 9 4 12 7 19 2 9 9 10 
0 2 10 
14 5 16 1 4 0 5 18 17 2 13 17 19 8 0 11 16 9 5 10 7 13 
0 2 19 
6 19 6 3 11 4 15 18 8 10 19 1 19 6 17 
0 2 12 
16 12 2 14 5 12 1 7 1 18 18 8 10 9 2 9 8 10 13 5 16 19 2 4 15 9 3 16 9 
0 2 28 
8 13 7 0 1 14 5 
0 2 4 
1 16 16 0 0 0 0 0 14 9 6 
1 2 8 
9 13 17 13 12 18 15 0 14 16 18 14 
0 2 9 
5 15 16 16 12 4 15 0 
0 2 5 
6 11 11 1 1 12 11 2 4 2 18 16 4 4 18 5 3 
0 2 14 
14 8 8 5 11 15 12 8 4 16 15 
0 2 8 
7 3 0 0 0 0 0 0 0 0 0 0 0 0 0 0 0 0 0 0 0 0 0 0 0 0 0 10 4 0 
1 2 27 
12 3 13 8 5 13 12 2 1 10 14 1 11 18 18 17 2 4 9 
0 2 16 
18 18 17 0 0 0 0 0 0 0 0 0 0 14 17 3 
0 2 13 
14 3 5 0 0 0 0 0 0 0 0 0 0 18 18 2 
0 2 13  
