0 0 0 0 0 0 0 0 0 0 
1 0 9
1 1 1 1 1 1 1 1 1 1
0 0 9
0 0 0 0 0 0 0 0 0 0 
1 0 9
1 1 1 1 1 1 1 1 1 1
0 0 9
0 0 0 0 0 0 0 0 0 0 
1 0 9
1 1 1 1 1 1 1 1 1 1
0 0 9
0 0 0 0 0 0 0 0 0 0 
1 0 9
1 1 1 1 1 1 1 1 1 1
0 0 9
0 0 0 0 0 0 0 0 0 0 
1 0 9
1 1 1 1 1 1 1 1 1 1
0 0 9
0 0 0 0 0 0 0 0 0 0 
0 0 9

word-label count matrix:
[(34.0) (26.0) ] [(28.0) (22.0) ] 
label-label count matrix
[(27.0) (28.0) ] [(26.0) (18.0) ] 
label-prediction count matrix:
[(34.0) (28.0) ] [(26.0) (22.0) ] 
prediction-observation count matrix:
[(5.0) (1.0) ] [(1.0) (4.0) ] 

word-label matrix:
[(-1.3287300952772885) (3.328730095285086) ] [(-2.0985485715222776) (4.098548571528919) ] 
label-label matrix:
[(-8.820133440631148) (3.8659988953711553) ] [(2.1192457182831514) (6.834888826989418) ] 
label-prediction matrix:
[(4.001267551978916) (-7.428546218776956) ] [(-2.451094958799139) (9.87837362561374) ] 
prediction-observation matrix:
[(36.70249837840694) (-32.74748111908981) ] [(-32.70249837840687) (36.74748111908988) ] 
