8 5 18 19 13 9 
0 3 5 
12 0 2 4 18 2 8 12 13 1 9 7 17 4 15 8 12 17 8 18 
0 3 17 
18 10 19 16 1 18 6 14 12 
1 3 5 
1 7 10 19 10 3 0 10 11 9 19 9 13 8 14 6 
0 3 12 
11 0 14 1 13 0 1 0 1 1 0 1 11 1 0 0 0 1 0 16 0 3 12 4 
1 3 21 
16 2 12 6 1 0 10 16 5 8 
1 3 6 
18 1 3 4 11 0 17 0 0 1 0 1 1 0 1 1 9 14 5 
1 3 15 
12 16 12 9 1 0 0 5 0 17 0 0 0 0 0 1 1 7 1 1 0 0 0 8 
1 3 22 
12 6 1 3 0 1 1 0 1 0 1 0 9 2 1 1 1 1 0 0 0 4 1 17 19 19 9 19 
1 3 24 
5 16 11 17 0 17 14 3 18 2 3 19 15 19 17 1 3 19 8 16 18 14 15 13 11 17 1 2 
0 3 24 
13 17 19 14 11 13 11 3 15 14 12 15 
0 3 8 
4 18 19 19 1 1 2 1 1 1 0 1 0 7 19 2 9 
1 3 13 
14 0 1 0 0 13 0 1 0 1 8 0 0 18 1 7 0 0 1 1 0 1 1 0 10 10 8 15 
1 3 27 
9 14 11 11 0 0 0 1 0 0 0 0 14 10 1 0 0 0 1 1 0 1 1 5 0 0 0 14 0 0 2 0 1 2 1 6 10 
1 3 33 
3 13 8 18 1 5 2 9 19 1 5 13 16 5 12 11 18 
0 3 13 
5 18 12 17 7 0 1 1 0 1 1 16 
1 3 10 
0 14 11 1 1 1 0 1 9 6 0 12 
1 3 10 
2 14 4 9 1 10 12 13 10 
1 3 5 
1 4 18 13 1 16 15 13 5 2 6 16 4 8 15 
0 3 11 
2 1 19 3 12 8 16 10 12 0 13 12 11 19 3 0 14 7 2 18 18 15 8 16 19 16 15 8 9 18 3 14 8 1 6 12 4 5 1 11 19 18 14 
0 3 41 
