70 40 8 91 59 98 25 16 60 24 48 38 
0 3 8 
52 8 37 76 72 5 8 93 22 43 98 27 48 15 44 52 89 37 77 26 67 24 58 62 20 6 74 7 5 80 89 59 91 71 7 35 40 58 1 90 52 45 21 62 82 33 2 
0 3 44 
86 93 71 17 3 3 3 2 27 34 57 51 
1 3 8 
54 72 7 4 3 1 0 95 2 1 1 3 3 2 0 8 1 2 70 
1 3 18 
84 48 12 59 74 23 33 45 7 5 67 28 11 27 49 58 20 48 12 94 59 69 60 24 36 75 33 5 65 83 58 34 2 20 
0 3 30 
16 55 14 35 6 11 23 30 48 25 51 60 75 59 61 48 36 61 66 33 61 32 78 93 50 30 48 42 
0 3 24 
41 55 75 57 1 0 75 3 1 1 0 2 21 80 3 0 3 3 1 0 3 3 2 11 1 0 0 3 0 3 1 1 28 61 67 
1 3 32 
0 9 68 53 31 3 0 2 1 1 2 2 3 3 43 2 2 1 43 2 0 3 3 19 3 1 25 91 10 51 
1 3 26 
49 10 88 46 61 63 17 71 27 5 6 69 82 53 
0 3 10 
79 21 92 85 48 8 49 20 64 20 34 68 
0 3 8 
67 64 40 81 41 80 50 73 84 73 20 31 94 98 33 95 71 77 36 14 
0 3 19 
7 59 30 72 42 24 6 59 73 6 26 18 
0 3 8 
93 34 99 91 0 0 0 1 1 0 3 2 3 1 2 59 3 3 1 81 1 0 1 85 1 2 2 1 5 7 3 48 20 48 24 
1 3 31 
92 73 38 58 36 59 92 90 40 96 97 28 29 53 53 16 8 24 68 67 43 22 5 7 35 26 96 77 87 64 0 2 27 87 55 40 26 90 64 39 58 93 
0 3 41 
81 90 95 43 95 96 47 77 75 9 30 56 54 57 80 98 64 33 
0 3 14 
20 80 62 34 49 53 85 27 15 35 52 73 37 1 3 46 79 17 2 14 2 95 16 84 31 84 90 66 86 
0 3 28 
69 55 1 0 3 2 2 1 0 3 46 0 80 1 1 3 3 1 3 21 3 3 0 1 0 0 2 1 92 2 1 1 1 2 74 53 30 6 70 
1 3 37 
64 14 61 68 23 55 88 82 58 60 61 69 52 22 9 56 24 20 34 
0 3 16 
73 83 88 88 71 54 35 48 41 67 98 32 72 9 64 91 55 14 83 69 90 81 
0 3 20 
20 72 71 24 53 30 51 9 82 62 9 56 63 98 61 82 85 83 43 32 49 12 75 67 66 32 39 15 32 6 
0 3 26 
77 13 53 32 94 64 74 33 37 12 42 4 16 67 75 58 72 36 79 8 
0 3 16 
20 90 71 71 56 14 17 58 74 99 95 25 65 51 23 59 84 34 76 33 
0 3 17 
37 20 6 80 25 65 95 22 88 43 40 52 2 93 34 67 57 41 34 
0 3 17 
65 4 34 59 0 0 61 2 0 0 53 2 2 67 1 3 1 3 20 3 3 2 3 3 3 3 2 1 3 69 0 91 3 3 0 3 1 68 74 31 87 
1 3 37 
8 87 95 46 62 96 56 42 97 4 17 48 0 
0 3 9 
75 97 47 24 35 72 72 94 43 5 29 35 64 23 89 24 46 72 27 61 
0 3 16 
93 70 70 63 1 3 2 3 2 76 0 3 29 2 3 1 1 93 1 21 56 98 23 
1 3 19 
95 25 84 29 3 3 1 1 51 67 3 3 0 0 3 1 9 3 3 0 2 3 1 3 11 2 35 60 65 24 
1 3 26 
65 61 29 48 63 41 12 25 87 94 27 1 39 99 73 15 73 56 93 45 7 2 42 54 38 85 80 73 1 0 6 70 97 25 79 74 86 29 2 85 46 91 56 
0 3 39 
76 41 50 34 25 15 23 76 11 79 97 99 30 57 43 33 11 69 92 17 46 88 98 12 25 51 63 
0 3 23 
28 45 97 76 45 85 51 28 
0 3 7 
53 79 11 40 0 1 0 1 0 83 2 3 96 1 3 2 0 70 3 70 2 1 37 1 3 1 0 1 1 2 56 32 87 
1 3 30 
24 97 27 97 3 1 1 0 0 1 1 2 1 0 2 0 45 1 87 1 0 53 62 51 99 71 
1 3 22 
14 88 5 1 1 1 3 0 1 40 3 1 1 2 75 2 75 3 3 96 86 70 43 
1 3 19 
42 68 8 82 3 3 1 1 59 87 65 58 
1 3 8 
92 21 57 41 57 45 72 95 43 24 61 
0 3 7 
43 94 7 12 0 65 2 0 0 85 1 1 56 0 1 1 3 1 0 2 3 1 15 81 23 59 
1 3 22 
67 43 12 53 1 0 2 46 0 1 0 2 68 81 50 90 
1 3 12 
32 17 14 53 8 25 0 23 11 27 86 92 98 75 86 18 63 43 89 85 39 29 79 50 40 54 77 54 67 37 33 2 87 90 12 36 46 
0 3 33 
96 2 1 0 1 0 0 70 52 75 2 1 1 25 2 0 1 3 43 3 3 3 3 1 0 1 0 3 1 0 0 2 2 3 1 10 2 2 94 64 87 89 5 
1 3 42 
42 94 27 1 60 71 40 80 35 15 38 12 4 0 79 34 16 89 47 45 69 35 98 28 18 27 16 70 88 
0 3 25 
53 46 49 82 95 41 32 78 92 79 62 54 20 85 76 85 40 2 36 81 15 24 84 82 65 22 73 93 
0 3 27 
13 74 56 96 71 3 54 65 15 3 
0 3 6 
9 91 35 1 1 3 1 3 0 2 37 1 0 2 1 1 3 0 3 3 3 2 2 99 26 1 0 43 3 89 95 82 14 85 
1 3 31 
32 12 40 23 14 0 3 51 6 3 0 18 2 3 60 1 1 0 0 1 1 3 1 3 0 3 0 1 2 56 14 65 55 
1 3 29 
37 16 81 3 99 2 3 3 1 1 2 2 3 0 1 1 45 0 1 3 3 2 0 3 64 57 3 3 53 3 3 3 26 19 7 66 
1 3 33 
11 2 61 61 17 1 1 3 1 19 41 57 15 
1 3 9 
38 9 47 64 0 20 19 31 64 19 99 4 7 14 26 10 95 1 1 76 8 60 88 18 
0 3 23 
53 56 13 5 0 29 3 1 1 56 59 69 54 
1 3 9 
36 42 32 38 71 42 57 47 6 48 10 
0 3 7 
8 37 46 19 93 74 76 2 43 77 89 21 84 
0 3 9 
45 86 89 36 0 3 3 1 2 1 1 0 2 1 3 90 2 3 75 64 0 0 3 0 3 1 1 3 1 63 2 59 44 
1 3 32 
20 25 81 46 16 93 88 7 75 25 69 89 80 31 62 89 81 96 69 77 57 47 93 61 45 48 42 
0 3 23 
14 50 11 45 2 3 3 3 2 2 0 3 0 0 2 1 3 0 0 79 2 3 21 0 0 82 2 53 54 2 0 46 2 1 0 0 1 0 70 3 0 3 0 45 1 
1 3 43 
78 91 99 97 82 31 29 60 46 63 79 31 86 22 21 79 37 65 75 88 
0 3 16 
49 44 54 6 8 16 83 48 56 75 5 8 24 68 91 64 11 41 25 57 99 33 5 45 16 27 1 8 22 18 19 28 30 22 70 44 90 32 
0 3 34 
0 53 12 25 50 6 7 77 20 53 48 82 99 72 38 51 16 39 86 50 19 30 
0 3 18 
24 64 24 80 0 2 3 0 66 0 3 2 2 0 3 1 1 1 3 37 1 1 20 81 8 
1 3 21 
43 84 23 88 95 88 96 76 67 8 38 66 80 76 8 5 3 23 34 6 63 53 98 45 98 81 13 
0 3 24 
19 12 5 86 80 5 56 33 71 33 3 71 20 15 
0 3 10 
69 7 48 89 59 10 76 48 32 99 71 40 91 52 61 86 79 24 
0 3 14 
13 25 53 18 0 3 1 78 0 55 58 2 0 1 0 2 2 41 29 1 0 1 2 0 2 0 3 0 1 2 68 16 78 79 
1 3 30 
21 90 85 10 2 1 2 45 22 3 1 83 1 3 82 2 1 0 1 3 2 3 2 1 86 0 3 3 2 2 3 82 19 35 27 
1 3 31 
69 30 74 75 6 89 71 48 42 23 31 6 38 46 33 55 30 31 3 26 94 57 84 10 10 50 68 24 47 70 41 19 82 50 99 20 44 1 82 35 90 71 69 38 41 64 75 27 
0 3 45 
13 52 78 11 47 65 64 27 23 44 36 27 8 80 85 17 57 14 
0 3 14 
92 28 22 97 1 55 46 15 55 
1 3 5 
26 79 63 96 73 58 60 40 21 31 73 72 73 52 98 8 71 8 60 73 24 7 12 83 36 11 56 17 21 87 
0 3 26 
10 26 42 13 1 1 33 0 2 0 0 36 3 0 2 57 21 2 3 2 2 98 2 0 3 3 0 0 1 1 2 1 80 1 1 68 0 2 1 0 3 2 0 0 7 37 
1 3 45 
39 58 2 17 2 3 1 2 1 2 71 1 85 79 85 2 
1 3 12 
58 55 73 84 1 0 57 63 
1 3 6 
62 72 48 17 0 10 3 3 0 0 2 2 2 70 3 45 3 2 1 71 70 59 89 
1 3 19 
64 79 16 42 3 0 2 2 3 0 89 61 2 0 1 2 75 1 3 2 45 50 25 2 
1 3 20 
12 37 48 73 64 96 8 59 8 59 49 88 22 79 80 43 16 15 
0 3 14 
52 83 16 40 2 79 2 2 0 2 0 2 1 6 80 71 7 
1 3 13 
48 68 72 47 57 67 24 57 46 72 31 3 27 94 0 66 54 99 75 96 22 38 16 71 85 21 57 7 65 6 56 73 48 48 31 
0 3 32 
98 48 48 73 13 23 42 58 45 17 38 0 66 
0 3 9 
51 38 17 37 2 2 1 3 7 2 0 3 2 3 2 52 2 0 0 3 1 41 73 2 2 1 3 1 1 2 2 3 0 2 2 79 0 2 3 2 16 27 23 1 56 58 
1 3 44 
91 77 5 25 57 1 2 0 2 1 0 2 0 0 1 14 3 75 2 0 3 2 3 5 3 1 1 1 1 2 0 0 3 3 2 1 3 98 0 1 73 98 
1 3 41 
47 33 55 21 47 74 38 74 19 35 
0 3 9 
39 16 65 35 1 80 3 31 3 89 2 2 2 2 3 1 85 3 3 1 1 3 2 1 0 94 12 96 63 
1 3 25 
44 76 32 64 3 2 11 1 0 2 27 81 25 
1 3 10 
4 80 14 86 31 54 20 83 56 62 42 51 71 11 27 94 76 37 46 96 31 24 72 67 17 
0 3 21 
4 46 69 78 2 0 2 3 1 62 1 21 4 90 5 
1 3 11 
27 8 47 63 36 55 60 57 19 56 10 74 34 97 89 89 46 59 76 98 58 29 62 76 96 62 61 22 44 50 12 58 83 18 10 29 14 44 9 42 60 64 33 46 79 25 60 10 95 88 
0 3 49 
86 9 45 4 25 23 91 60 62 23 84 64 16 13 72 78 66 55 40 59 7 
0 3 20 
81 64 55 46 2 2 2 95 79 0 2 18 1 0 2 3 1 2 59 3 34 1 3 2 2 1 2 3 2 64 2 90 68 
1 3 29 
53 86 38 38 3 3 12 0 1 1 0 2 2 95 1 0 0 3 2 3 2 3 69 1 83 3 1 1 0 80 0 2 0 59 3 2 0 55 51 
1 3 37 
20 19 74 43 34 23 7 28 27 52 78 87 39 77 20 82 62 47 83 35 89 34 5 46 23 99 12 56 86 89 94 94 26 57 33 85 91 2 37 38 41 31 72 
0 3 41 
30 38 72 74 56 52 63 57 65 3 57 2 63 8 29 72 77 19 
0 3 17 
22 28 82 92 39 74 65 38 9 21 2 30 54 18 
0 3 10 
38 48 6 66 3 3 2 11 1 0 69 0 2 2 1 3 2 0 2 0 93 2 5 95 29 20 
1 3 22 
53 52 36 95 0 0 8 0 0 88 96 53 24 
1 3 9 
12 36 39 21 51 85 0 82 47 87 59 80 2 30 41 54 33 79 45 
0 3 15 
17 61 25 94 7 0 17 63 35 33 84 22 30 32 49 78 13 9 81 34 6 79 54 95 9 76 84 19 90 92 79 31 2 
0 3 31 
17 65 85 14 42 87 6 96 69 27 79 15 73 26 92 46 97 40 90 40 47 12 81 
0 3 19 
65 14 60 50 1 1 68 47 86 49 
1 3 6 
91 22 50 17 2 3 0 2 1 2 2 3 1 2 0 2 0 1 3 3 2 3 3 3 79 0 3 47 0 3 1 2 42 1 1 0 94 1 82 52 84 72 
1 3 38 
26 78 63 37 2 3 2 2 11 1 1 0 1 1 1 1 3 62 1 2 0 2 3 4 1 15 7 92 44 68 
1 3 26 
51 56 20 10 76 5 36 91 48 66 29 74 42 5 49 22 4 22 9 86 
0 3 16 
20 50 29 81 67 13 62 79 73 31 96 62 55 68 66 2 84 60 29 13 42 75 21 32 79 56 61 5 50 94 
0 3 26 
39 44 1 86 42 43 1 1 0 3 91 3 2 1 3 2 1 0 3 1 98 1 1 2 2 8 65 
1 3 25 
12 60 68 98 82 94 18 55 52 44 69 67 77 70 
0 3 10 
58 26 66 29 39 0 22 63 42 94 25 79 30 95 80 91 10 41 94 82 29 64 24 85 33 45 50 38 59 95 66 25 58 3 44 31 
0 3 32 
85 91 49 80 85 75 69 87 10 44 37 86 64 
0 3 9 
82 3 46 26 72 35 16 4 76 71 83 3 72 28 79 40 
0 3 12 
79 81 74 0 1 0 6 5 83 4 
1 3 7 
44 65 58 17 0 1 2 1 31 2 82 14 81 96 
1 3 10 
66 54 68 3 3 12 1 0 0 1 2 66 1 3 35 3 3 3 2 1 0 1 3 58 3 3 1 1 56 39 5 31 
1 3 28 
11 10 79 76 2 1 2 0 1 1 33 2 0 90 78 3 38 
1 3 13 
74 72 71 35 2 1 2 3 3 3 1 2 1 0 1 0 94 43 68 94 69 
1 3 18 
45 41 16 75 1 2 1 2 0 2 2 1 0 75 0 1 78 0 3 3 1 2 2 8 11 0 1 1 90 89 93 77 
1 3 28 
75 72 41 44 40 43 20 91 84 69 93 81 21 20 29 71 22 8 71 92 79 6 67 48 12 43 62 4 31 55 76 54 35 41 64 
0 3 31 
29 20 62 8 32 23 0 1 0 1 3 1 2 2 1 2 0 3 3 1 1 2 0 2 3 2 97 0 1 3 0 3 40 40 2 0 3 0 84 53 11 29 73 
1 3 39 
15 72 74 10 13 88 64 68 28 15 42 56 71 25 30 28 1 86 92 85 84 21 29 44 95 60 82 94 43 60 34 84 59 27 59 34 25 25 92 99 44 96 22 26 13 28 85 12 
0 3 47 
74 3 35 71 0 0 2 3 2 1 1 3 3 0 11 65 0 2 2 3 2 13 2 2 91 1 1 59 3 61 78 57 78 
1 3 29 
70 8 1 43 52 89 3 56 87 46 18 91 98 91 99 1 79 92 39 55 
0 3 18 
71 47 39 65 18 2 0 3 1 3 1 86 0 1 68 80 52 7 
1 3 14 
54 66 58 83 3 2 0 38 80 97 80 
1 3 7 
82 76 4 67 1 0 3 3 6 87 63 78 
1 3 8 
54 46 49 47 0 3 1 3 0 0 1 1 1 92 0 0 3 3 0 0 0 56 23 71 1 2 23 2 0 3 3 0 73 1 2 14 63 
1 3 34 
30 34 8 61 3 2 3 2 3 2 0 0 0 1 2 3 0 87 2 0 38 3 3 1 1 18 0 82 0 95 0 3 3 3 3 17 3 2 3 98 71 97 97 
1 3 39 
14 74 59 52 37 0 36 19 36 12 
0 3 6 
67 66 57 55 42 84 39 57 58 59 11 17 90 56 
0 3 10 
79 4 57 38 0 2 2 0 3 1 0 3 2 2 89 0 59 88 38 52 
1 3 16 
10 49 88 34 3 3 2 0 3 84 3 1 2 1 0 0 1 0 0 82 78 93 97 27 27 
1 3 21 
16 98 11 30 72 99 57 85 48 51 79 17 66 93 32 61 15 86 41 41 15 55 47 59 50 62 14 43 46 71 39 82 95 47 13 55 
0 3 35 
21 64 73 94 52 55 62 87 95 9 53 57 70 32 42 31 80 54 66 
0 3 15 
47 48 98 64 28 47 64 76 37 8 57 98 26 97 25 9 89 42 52 47 52 83 75 62 35 
0 3 21 
41 46 24 76 32 58 22 61 17 77 36 97 75 93 1 95 80 7 55 67 16 14 46 93 85 1 77 80 70 0 93 14 62 1 74 29 32 50 43 75 15 
0 3 40 
22 76 70 14 46 58 44 9 53 52 44 13 70 38 61 90 74 45 44 30 55 38 38 1 66 75 9 32 11 
0 3 25 
6 12 32 97 66 42 48 78 2 49 3 73 83 62 1 56 17 38 24 32 24 88 86 52 60 35 26 19 94 
0 3 25 
21 35 48 38 0 1 2 1 31 72 91 88 
1 3 8 
48 80 81 19 41 62 91 83 35 66 1 82 33 41 37 45 67 79 15 60 45 34 56 61 51 72 51 84 47 34 85 35 50 59 9 8 71 41 
0 3 36 
19 35 66 1 0 3 1 47 2 0 1 3 0 80 6 0 2 2 2 3 3 1 2 2 0 2 2 3 11 0 51 2 11 1 1 0 0 1 78 0 3 3 39 17 26 36 25 
1 3 44 
40 61 57 95 2 0 2 3 3 96 80 1 2 0 57 14 32 43 
1 3 14 
9 73 6 48 2 2 58 90 17 67 
1 3 6 
86 3 0 2 1 3 0 3 40 3 3 2 18 0 2 8 3 0 0 3 17 1 15 82 89 51 
1 3 25 
63 64 24 95 2 31 57 40 84 
1 3 5 
6 85 70 15 2 3 87 1 1 0 3 3 2 1 0 1 4 21 17 45 82 
1 3 17 
67 0 10 2 2 3 2 3 0 3 65 3 0 0 85 1 3 3 3 0 1 77 32 72 46 74 
1 3 25 
22 82 99 84 0 0 1 1 93 23 13 4 
1 3 8 
29 34 3 52 0 3 3 1 2 1 0 0 1 2 0 87 0 2 95 3 1 1 1 2 25 3 0 0 3 40 0 65 11 87 45 
1 3 31 
75 30 64 66 3 0 0 27 3 2 2 3 1 53 3 2 5 0 1 51 42 68 86 
1 3 19 
67 41 0 24 2 2 3 2 2 99 2 0 2 2 99 0 15 1 12 2 1 2 2 44 0 1 1 1 3 2 0 3 54 8 92 91 
1 3 32 
85 84 28 84 1 88 42 49 20 49 59 65 34 32 92 68 84 
0 3 13 
52 3 40 46 41 91 95 42 13 15 93 80 31 79 31 17 91 22 39 12 15 79 14 57 94 42 9 11 92 37 98 
0 3 27 
1 61 11 8 90 76 52 13 63 49 77 71 33 92 57 54 66 52 16 80 69 52 66 39 31 74 90 78 79 52 10 24 81 
0 3 29 
52 88 78 13 34 61 6 78 70 97 69 62 17 25 93 20 63 37 20 40 16 92 23 44 
0 3 20 
14 55 39 59 0 0 3 2 2 0 2 2 3 1 2 1 2 65 2 52 1 6 0 80 5 2 0 1 2 2 1 0 63 
1 3 32 
58 52 78 53 3 0 24 2 1 2 23 53 83 35 
1 3 10 
40 21 34 96 0 1 0 83 2 0 2 67 3 1 2 1 3 3 3 1 82 1 3 1 3 2 81 1 3 15 1 2 83 9 99 3 
1 3 32 
95 96 49 48 1 1 3 2 0 95 0 3 2 68 0 0 2 1 72 32 9 36 
1 3 18 
48 47 85 20 1 1 0 0 1 1 2 0 1 1 2 2 3 0 3 2 2 2 2 1 3 47 55 3 41 1 73 2 48 2 0 2 0 0 2 79 82 1 0 2 0 40 
1 3 45 
42 82 34 88 2 0 0 3 1 1 76 0 0 1 2 23 19 84 65 79 
1 3 16 
73 55 17 65 60 39 3 90 54 39 35 73 10 73 62 12 51 20 9 4 95 18 6 45 13 92 66 62 13 2 67 
0 3 29 
85 89 86 61 0 1 2 3 96 0 1 57 45 53 
1 3 11 
47 18 10 68 73 99 30 64 65 66 72 50 81 48 88 34 81 56 59 56 82 13 59 8 59 40 42 2 58 36 92 36 54 39 42 98 39 3 92 13 
0 3 38 
60 79 94 76 1 1 0 10 3 0 3 0 70 2 2 0 1 11 68 35 33 
1 3 17 
53 43 35 2 1 2 2 0 1 63 1 3 1 63 1 25 3 3 40 72 16 19 
1 3 19 
43 29 52 20 80 95 22 16 10 24 98 55 9 49 43 5 94 21 44 96 46 32 33 11 96 7 25 67 9 37 95 42 37 55 14 48 1 7 69 80 41 72 12 17 
0 3 42 
18 48 47 3 18 0 0 2 3 0 2 0 3 2 1 3 2 3 2 24 2 3 0 2 2 3 64 67 3 3 3 2 3 3 21 61 2 2 3 3 2 55 3 3 3 22 
1 3 45 
18 30 87 58 2 96 3 23 0 2 0 3 3 2 1 1 2 0 0 3 0 22 3 0 3 1 3 12 32 3 2 31 29 49 14 
1 3 31 
41 14 0 66 28 45 6 31 82 80 16 89 80 5 71 32 52 82 70 13 18 28 76 97 53 44 60 
0 3 23 
45 53 90 94 20 66 22 55 88 59 3 85 18 81 32 16 68 81 24 88 19 4 
0 3 21 
8 85 77 3 3 0 50 0 2 1 3 3 0 1 1 75 38 2 10 3 75 1 3 3 55 0 2 1 2 3 0 1 1 0 50 77 89 43 
1 3 34 
32 73 48 54 0 60 3 0 20 3 1 3 1 2 69 0 2 3 2 2 3 2 1 0 1 3 2 3 3 55 98 2 1 2 3 3 47 2 77 29 77 48 
1 3 38 
23 57 14 40 56 57 71 48 64 44 60 59 77 6 
0 3 10 
57 92 40 68 0 0 41 0 1 1 2 0 3 3 68 2 58 0 1 3 0 2 1 1 0 1 0 77 2 12 3 0 3 16 3 72 87 
1 3 35 
82 71 42 47 16 86 86 25 78 72 64 33 32 
0 3 9 
63 45 24 95 0 2 2 3 3 89 0 3 0 2 3 0 2 16 1 0 0 3 1 0 3 33 3 2 1 1 3 90 0 0 83 1 3 0 72 31 82 1 
1 3 38 
88 53 22 41 64 46 39 26 12 1 66 53 60 58 34 26 99 40 47 63 40 23 14 94 19 44 
0 3 22 
20 29 26 73 2 2 81 2 2 11 1 1 3 1 3 1 97 5 61 81 
1 3 16 
70 0 46 6 2 2 3 59 53 2 2 0 3 1 0 84 3 2 2 3 38 45 7 87 
1 3 20 
3 67 16 18 2 51 61 27 33 90 55 24 56 89 15 1 97 97 27 18 96 10 49 97 90 60 35 38 14 29 14 30 10 15 15 8 16 80 62 17 54 35 39 
0 3 39 
35 46 86 92 4 58 0 92 43 29 90 34 82 22 41 92 64 80 11 66 72 51 25 69 13 88 21 96 73 25 39 47 9 78 66 11 22 50 63 63 
0 3 36 
51 32 50 93 94 89 39 50 86 16 2 83 71 74 87 97 98 77 98 97 80 82 92 96 3 86 37 17 11 90 64 48 86 12 48 64 77 43 42 67 34 10 77 44 45 58 38 42 91 
0 3 47 
70 84 11 97 8 27 25 32 38 78 12 93 85 61 70 55 97 58 59 63 45 41 47 27 66 98 49 46 3 96 65 97 75 26 75 30 
0 3 32 
97 7 63 1 52 83 78 49 80 97 91 88 88 14 0 98 18 39 47 
0 3 15 
61 98 66 81 41 2 0 3 26 1 2 2 2 36 1 2 0 86 3 3 0 0 3 0 23 2 3 0 0 1 1 3 1 9 1 3 3 0 86 1 3 1 71 
1 3 42 
77 44 79 4 2 1 0 0 0 77 1 1 2 3 1 1 79 3 0 1 1 1 3 1 97 1 68 20 7 21 60 
1 3 27 
12 63 31 4 85 13 16 92 51 32 22 99 25 50 30 95 82 72 70 8 25 72 27 69 78 44 92 40 94 58 
0 3 26 
90 73 25 86 66 71 37 49 16 10 9 34 6 44 48 68 57 29 12 12 82 41 44 45 15 37 1 36 99 94 35 96 47 70 
0 3 32 
87 90 9 82 1 3 80 89 73 2 
1 3 6 
52 88 79 72 2 0 0 3 3 67 0 0 32 9 58 21 
1 3 12 
17 50 62 65 2 1 0 3 39 3 2 17 2 3 0 2 2 3 45 46 3 0 2 1 2 6 68 22 58 
1 3 25 
95 11 78 64 52 64 96 32 32 42 9 41 3 99 7 66 11 21 83 13 38 0 22 84 40 69 23 18 1 50 93 68 16 40 1 77 
0 3 32 
97 50 26 7 2 8 40 1 2 2 1 0 0 1 0 3 2 3 0 2 0 2 1 3 9 1 67 2 80 97 27 49 
1 3 28 
15 90 73 95 24 40 98 40 31 62 32 11 42 
0 3 9 
36 82 95 62 36 92 68 44 38 41 81 24 17 96 28 96 39 84 13 47 67 72 47 15 42 21 48 31 31 
0 3 26 
19 15 94 42 7 64 78 66 81 81 88 93 76 33 40 9 20 6 2 0 26 90 32 14 49 1 7 16 70 
0 3 25 
53 47 47 67 1 0 0 16 2 3 1 0 2 33 5 4 0 
1 3 13 
88 22 15 48 31 92 70 50 41 56 64 20 91 22 65 53 97 15 98 57 23 10 74 54 72 32 31 
0 3 25 
33 40 8 1 1 3 66 1 2 3 0 3 0 1 0 2 2 93 3 3 3 3 2 4 2 71 48 1 1 
1 3 26 
32 44 54 38 1 2 2 3 0 67 0 1 0 2 3 46 2 3 25 2 0 30 76 24 64 
1 3 21 
67 5 65 67 78 3 2 4 1 3 0 3 0 3 0 2 1 67 36 95 7 
1 3 17 
5 57 64 87 43 0 3 2 1 0 3 2 5 12 2 95 
1 3 12 
79 28 91 65 81 18 61 41 17 29 83 55 44 27 0 33 73 33 66 9 92 34 93 5 57 49 43 7 44 17 9 7 1 84 0 73 75 95 
0 3 35 
55 74 76 44 3 83 1 2 1 1 0 0 2 1 29 3 64 41 19 9 
1 3 16 
16 50 53 67 0 3 58 2 2 2 1 3 0 3 0 2 99 39 58 0 1 0 3 2 2 53 57 24 16 
1 3 25 
96 41 2 3 3 1 17 15 2 2 1 2 0 0 2 0 0 1 0 3 65 72 89 21 
1 3 23 
93 70 89 50 0 0 0 0 0 0 0 0 0 0 35 44 89 3 
0 3 14 
54 49 10 89 1 1 1 1 1 1 1 1 1 1 99 94 34 27 
0 3 14 
96 71 15 83 2 2 2 2 2 2 2 2 2 2 91 56 76 8 
0 3 14 
13 68 23 34 3 3 3 3 3 3 3 3 3 3 29 19 13 35 
0 3 14 
18 87 75 46 0 0 0 0 0 0 0 0 0 0 94 56 24 99 
0 3 14 
81 29 34 50 1 1 1 1 1 1 1 1 1 1 14 0 22 84 
0 3 14 
20 66 1 17 2 2 2 2 2 2 2 2 2 2 30 22 10 3 
0 3 14 
54 81 96 98 3 3 3 3 3 3 3 3 3 3 44 86 86 72 
0 3 14 
11 37 16 77 3 2 3 2 0 0 1 2 1 3 68 11 73 40 
0 3 14 
9 24 75 55 1 2 3 2 0 3 0 3 1 3 66 20 19 5 
0 3 14 
17 44 25 8 0 3 0 0 3 3 1 0 2 2 62 65 85 24 
0 3 14 
53 69 17 12 0 3 3 2 2 3 2 3 3 0 69 27 47 3 
0 3 14 
7 88 82 38 1 3 0 0 0 2 0 1 1 2 43 8 59 57 
0 3 14 
69 98 16 91 1 1 0 2 2 2 3 3 1 1 78 13 71 55 
0 3 14 
92 51 46 74 0 3 1 1 1 0 1 2 2 0 30 8 94 64 
0 3 14 
97 94 81 48 2 0 1 2 3 0 1 2 2 1 67 68 53 13 
0 3 14 
