19 1 19 17 4 1 19 11 0 16 7 16 4 1 
0 3 10 
3 13 8 2 14 14 12 0 7 6 1 13 13 
0 3 9 
14 17 16 8 1 1 0 1 1 0 1 1 0 1 0 0 1 1 0 1 1 0 1 0 0 0 1 1 1 0 1 0 1 1 0 1 0 0 1 0 1 0 1 0 1 0 1 10 
1 3 47 
0 17 13 1 4 0 9 12 17 6 15 3 13 5 13 1 8 1 
0 3 17 
2 14 16 18 11 4 12 11 16 13 9 8 17 19 6 6 3 13 8 17 2 13 7 5 6 0 19 7 18 15 18 15 16 3 4 9 2 7 18 5 4 7 8 1 11 8 4 16 
0 3 47 
2 3 18 4 0 0 0 0 0 1 0 0 1 1 1 1 0 1 0 0 0 0 1 1 1 1 5 5 1 17 
1 3 26 
18 2 1 0 1 1 1 1 1 1 0 1 0 1 0 1 0 0 1 2 15 13 5 
1 3 21 
11 13 9 17 0 1 0 0 0 0 1 0 1 1 1 1 1 0 1 0 1 0 1 0 0 1 1 0 1 1 0 1 1 0 1 0 0 1 0 1 1 1 12 7 8 2 
1 3 42 
10 10 8 17 1 3 12 7 1 2 13 0 1 11 11 16 8 9 4 15 17 13 
0 3 18 
16 15 6 0 0 0 0 1 1 0 1 0 1 0 1 0 1 1 0 0 12 13 12 8 
1 3 20 
16 2 4 5 15 3 1 0 18 18 0 10 12 1 17 11 19 2 14 13 3 2 18 1 1 19 15 18 17 12 17 17 13 15 4 3 4 6 6 13 19 11 8 13 10 
0 3 41 
14 12 15 10 4 15 9 6 7 9 3 4 12 12 17 18 8 4 19 12 5 19 6 6 4 8 12 2 0 9 13 9 6 17 19 12 11 19 0 19 5 3 3 3 10 10 15 11 7 9 
0 3 49 
10 14 0 5 17 12 18 11 2 4 
0 3 6 
6 0 0 1 0 1 0 0 1 0 1 0 1 1 1 0 1 1 1 0 1 9 19 15 
1 3 23 
19 4 19 11 1 13 15 5 5 6 8 16 5 12 9 0 
0 3 12 
2 4 13 14 0 0 0 1 1 1 1 0 1 1 1 1 0 0 1 1 0 1 1 1 1 0 1 0 0 1 1 1 1 0 0 1 0 1 0 0 1 1 17 4 9 6 
1 3 42 
11 17 12 10 7 7 9 4 14 
0 3 5 
1 8 5 11 1 1 1 0 1 1 0 9 
1 3 11 
11 3 17 5 1 0 1 1 1 0 1 0 0 0 1 0 1 0 1 0 1 0 0 1 0 0 1 0 14 2 16 7 
1 3 28 
15 0 17 1 3 8 9 19 17 3 7 11 18 9 11 3 18 16 17 18 7 16 2 15 0 15 9 12 5 10 14 13 8 3 17 12 16 1 6 11 18 2 
0 3 38 
