6 12 4 5 1 1 0 17 1 0 3 17 19 8 
1 3 10 
13 16 7 15 3 3 7 13 4 0 0 5 0 15 1 19 4 1 18 16 0 17 2 13 19 6 13 4 15 5 18 9 5 
0 3 29 
6 3 2 19 19 8 16 11 11 7 7 
0 3 7 
14 6 2 6 0 1 1 0 0 11 0 1 1 16 6 10 19 
1 3 13 
3 14 18 0 13 19 11 18 19 4 7 11 11 19 19 0 14 3 11 7 0 6 2 4 17 11 19 9 18 0 2 
0 3 27 
13 15 1 14 1 1 1 1 1 8 6 2 15 14 
1 3 10 
10 16 4 10 9 16 11 8 8 16 15 10 1 2 18 6 13 17 19 14 1 18 9 15 2 17 16 19 3 0 0 8 0 8 2 
0 3 34 
17 12 5 7 13 8 18 15 18 7 15 11 5 9 13 3 7 17 7 15 11 1 5 2 4 13 4 7 5 3 16 10 5 10 11 11 12 12 
0 3 34 
5 8 8 11 0 0 16 1 0 0 1 10 9 1 12 
1 3 11 
0 13 9 3 1 0 1 0 0 1 0 0 0 0 0 1 1 1 0 15 1 0 1 0 0 17 18 16 3 0 14 
1 3 30 
8 13 19 16 7 4 14 12 18 19 1 4 5 18 7 11 17 18 11 3 12 18 16 12 9 8 13 0 13 15 12 
0 3 29 
3 12 6 2 1 14 15 3 19 7 4 4 12 17 3 10 18 10 18 13 15 4 2 7 17 10 2 15 3 16 2 
0 3 30 
19 18 8 15 1 0 1 0 0 1 10 1 1 12 16 18 16 
1 3 13 
5 18 18 17 7 3 12 1 12 3 7 11 15 6 18 2 12 19 
0 3 14 
2 8 0 12 1 0 1 1 1 1 2 0 1 14 19 4 8 
1 3 15 
15 10 0 1 0 1 1 0 0 5 3 1 0 0 1 1 1 1 0 1 0 1 0 1 1 0 8 0 18 1 4 8 5 17 1 
1 3 34 
12 10 13 11 0 1 0 1 1 0 3 1 0 1 0 1 1 0 18 1 0 1 17 2 10 13 13 
1 3 23 
2 18 6 14 8 14 4 8 1 6 11 2 12 3 10 15 5 1 8 
0 3 15 
14 5 9 10 5 4 3 14 14 4 4 13 19 1 0 11 10 1 
0 3 14 
8 7 8 4 0 12 3 17 3 
0 3 5 
1 0 1 0 1 1 0 1 12 9 1 4 13 9 2 
1 3 14 
3 12 17 1 3 1 0 1 1 0 0 0 1 0 0 1 0 0 1 0 0 1 14 1 0 1 1 0 1 9 10 0 0 0 0 1 2 6 6 
1 3 35 
17 0 0 19 1 0 1 2 14 
1 3 5 
0 6 11 12 0 0 1 13 0 13 0 14 0 1 1 6 0 1 1 1 0 0 0 0 0 9 1 7 3 
1 3 25 
2 7 0 1 0 1 1 1 0 0 8 0 1 1 1 0 1 0 11 1 3 18 
1 3 18 
0 13 9 19 1 1 1 1 1 0 0 1 0 14 0 0 1 9 
1 3 17 
1 9 9 17 3 8 2 15 4 
0 3 5 
9 14 9 5 0 0 18 5 3 14 16 
0 3 7 
17 9 16 2 3 14 16 16 12 9 15 14 4 
0 3 9 
3 4 17 15 0 0 1 1 1 0 0 0 0 0 0 1 1 6 1 12 8 0 1 0 1 14 1 0 0 1 0 0 1 0 1 0 16 0 13 7 19 7 
1 3 38 
5 7 5 7 15 19 18 14 17 15 12 18 13 6 12 11 15 17 13 8 7 14 18 0 7 13 1 10 16 7 
0 3 26 
1 12 8 10 4 0 1 0 1 1 1 1 11 17 1 1 1 0 1 0 1 1 1 1 19 0 10 19 18 0 
1 3 26 
10 10 17 5 4 3 13 9 8 14 9 18 12 
0 3 9 
11 3 13 17 8 16 6 16 7 6 3 2 19 12 8 4 19 2 
0 3 14 
11 7 14 14 1 12 15 19 17 6 15 17 2 7 5 2 14 15 1 0 18 9 16 
0 3 19 
5 11 6 0 2 9 18 5 9 16 4 15 14 2 16 4 3 
0 3 15 
15 18 0 17 12 0 9 10 19 15 2 5 4 13 12 8 14 19 11 4 
0 3 16 
9 4 14 5 1 1 14 7 18 15 
1 3 6 
15 19 12 6 0 0 13 0 0 0 0 1 0 4 3 17 17 
1 3 13 
4 9 6 0 1 1 1 0 18 0 0 1 0 0 1 0 0 1 0 1 8 7 13 
1 3 20 
6 14 9 0 0 1 1 16 1 1 1 0 1 16 0 0 1 11 1 1 6 11 0 1 1 0 1 1 0 19 19 8 6 
1 3 30 
18 11 10 15 6 8 13 2 4 0 11 18 15 6 10 8 17 3 3 14 0 18 18 6 3 15 14 16 7 11 9 2 17 11 15 2 19 13 8 7 10 12 15 
0 3 41 
9 4 2 0 18 0 0 1 1 1 0 2 
1 3 10 
7 8 16 19 13 13 17 14 14 4 9 14 1 8 5 1 11 9 9 15 7 12 18 6 19 3 2 8 16 5 5 10 19 17 8 11 18 6 16 13 3 9 8 11 
0 3 43 
4 9 17 1 1 12 0 1 1 1 1 1 17 1 1 8 0 1 1 1 1 0 0 1 0 1 1 0 8 18 8 8 
1 3 28 
0 11 14 4 6 15 0 5 3 7 7 1 7 8 14 7 12 12 7 2 4 4 16 11 10 13 13 13 9 1 8 9 7 11 3 13 18 5 10 11 12 8 9 5 15 17 5 
0 3 45 
8 14 3 14 2 13 7 17 13 8 10 2 1 15 17 17 3 1 3 7 6 14 17 19 16 18 18 17 0 6 14 8 18 10 16 14 
0 3 35 
9 15 13 7 19 1 0 19 1 1 1 1 0 0 1 1 0 1 1 0 1 18 0 1 0 0 0 1 11 0 18 0 0 0 4 1 1 0 0 0 1 0 1 16 0 0 1 5 
1 3 47 
7 12 0 1 0 0 1 1 11 0 1 0 1 0 0 1 1 16 11 9 7 11 
1 3 18 
11 0 15 14 10 7 11 12 7 19 0 6 12 18 4 
0 3 11 
3 18 6 10 1 1 11 1 1 6 12 0 0 1 0 0 1 1 1 1 16 1 1 1 0 0 0 0 1 13 8 0 0 1 0 1 12 16 6 13 
1 3 36 
14 5 18 12 1 0 0 1 1 13 1 0 5 14 13 1 
1 3 12 
10 18 11 4 3 19 9 18 13 6 0 15 16 16 16 9 14 12 10 3 7 8 2 10 8 6 15 17 7 3 12 15 12 14 9 
0 3 31 
9 3 4 19 0 1 1 15 1 1 1 0 3 2 1 1 6 1 0 1 0 0 0 0 0 1 1 0 1 9 12 5 0 
1 3 29 
2 5 12 11 17 3 17 17 13 10 11 3 6 14 4 10 9 5 10 19 1 13 14 5 2 9 12 14 7 3 5 15 19 12 18 
0 3 31 
0 3 8 1 2 1 2 12 8 17 13 9 7 15 7 19 8 16 0 11 4 19 16 18 3 2 0 1 15 1 14 8 4 5 12 6 8 7 2 19 2 11 6 0 12 
0 3 44 
0 8 14 18 12 9 4 16 12 13 12 3 11 4 2 7 15 12 9 6 10 13 8 18 1 
0 3 21 
16 9 11 9 0 0 1 1 1 3 0 1 19 0 1 11 0 0 0 8 1 0 1 0 1 1 1 1 11 0 0 1 8 0 3 
1 3 31 
14 12 6 0 0 1 4 0 1 12 1 2 1 1 0 1 0 0 0 1 1 1 0 0 1 1 9 5 18 14 1 
1 3 27 
7 12 8 17 0 1 0 0 1 0 1 0 0 1 9 19 0 6 1 0 1 1 0 10 15 17 
1 3 23 
6 1 3 1 7 12 16 15 16 18 1 6 11 10 2 16 19 0 1 6 16 4 4 0 0 1 18 4 7 15 4 12 13 6 12 17 
0 3 32 
19 19 2 15 8 5 7 6 16 18 19 16 16 19 19 13 6 8 10 15 10 2 3 9 11 4 9 6 8 18 10 17 
0 3 28 
3 1 0 0 0 1 7 0 1 1 0 0 0 7 1 1 1 1 1 0 7 4 8 3 
1 3 23 
11 8 19 17 1 6 1 1 1 0 18 4 0 18 
1 3 10 
12 3 18 19 1 0 1 0 0 1 9 0 18 3 4 3 
1 3 12 
9 11 10 7 12 10 13 19 17 1 10 
0 3 7 
2 10 5 13 6 17 16 2 14 
0 3 6 
13 14 14 17 6 16 7 13 16 15 
0 3 6 
15 4 18 13 16 7 1 19 9 0 14 14 5 16 
0 3 10 
19 9 8 19 5 4 5 9 1 8 19 11 11 
0 3 12 
12 3 13 0 1 14 1 16 1 
1 3 5 
3 0 1 0 0 1 1 4 1 18 7 
1 3 7 
7 18 3 19 1 0 1 0 3 1 0 10 12 7 
1 3 10 
3 15 0 1 1 0 7 0 1 0 1 1 13 19 0 13 14 
1 3 15 
18 13 10 16 1 1 0 1 1 1 1 1 18 5 0 18 
1 3 12 
2 2 0 3 9 0 0 1 1 1 1 1 16 1 1 0 0 0 1 0 1 4 9 
1 3 19 
8 5 19 16 3 0 0 1 1 11 0 0 0 1 9 0 1 0 1 1 1 1 1 1 1 5 1 0 5 0 17 0 1 1 1 0 0 1 1 0 1 0 14 5 17 
1 3 42 
15 13 17 10 16 11 18 5 15 6 10 4 7 12 8 19 15 4 9 4 9 4 
0 3 18 
18 1 0 15 0 1 1 1 0 1 11 1 1 0 0 1 0 1 12 1 2 0 0 0 7 1 9 0 0 0 1 1 0 1 0 1 4 1 0 1 0 1 3 0 3 18 12 2 
1 3 46 
9 15 9 14 8 8 4 5 16 5 17 
0 3 7 
6 7 12 9 12 19 18 11 10 16 7 7 19 6 8 18 18 12 15 9 17 6 15 15 4 10 4 2 0 14 
0 3 26 
10 13 16 7 1 1 0 1 0 1 0 1 0 0 0 12 5 10 10 18 14 
1 3 17 
2 19 0 4 4 10 17 13 2 5 11 1 9 9 13 5 3 2 5 16 16 2 18 10 9 10 10 9 11 11 14 1 3 3 17 11 14 1 14 11 9 18 16 16 7 8 
0 3 44 
11 14 11 6 0 0 2 0 1 0 0 1 19 0 0 1 0 13 18 6 14 
1 3 17 
8 19 9 10 17 5 13 4 10 18 19 19 12 
0 3 9 
0 0 0 4 0 17 14 19 12 13 5 3 5 8 
0 3 10 
12 14 19 14 1 15 18 6 3 9 18 5 13 16 10 17 12 12 9 18 6 15 11 5 7 18 8 15 18 12 
0 3 26 
17 13 2 5 1 0 0 0 1 0 8 18 0 0 0 0 1 0 1 0 0 1 1 1 0 1 1 2 9 11 16 11 
1 3 28 
2 0 6 18 0 0 1 1 1 15 0 1 19 1 9 4 12 5 
1 3 14 
7 7 10 19 1 17 15 6 16 
1 3 5 
15 5 11 17 1 15 9 4 1 0 12 14 19 15 14 9 12 
0 3 16 
0 3 9 16 0 15 14 19 14 0 14 1 6 19 8 7 18 4 13 0 0 12 14 2 10 7 10 
0 3 23 
2 6 2 1 0 0 1 1 14 0 1 0 1 15 1 0 1 10 4 16 17 
1 3 17 
10 1 4 13 15 9 12 6 11 2 3 13 8 14 12 1 13 
0 3 13 
3 3 7 8 1 0 1 0 9 14 10 1 
1 3 9 
5 15 1 15 13 0 2 4 10 9 9 12 13 
0 3 9 
14 7 16 8 9 4 15 4 18 
0 3 5 
9 13 9 9 16 7 17 5 18 
0 3 6 
4 14 2 6 5 15 13 3 19 12 14 19 17 1 18 0 19 0 0 
0 3 15 
17 13 16 8 5 1 4 19 8 15 15 8 14 11 9 9 3 16 
0 3 14 
3 19 6 7 1 14 0 1 19 10 1 1 0 1 0 1 1 0 2 1 0 0 1 0 0 0 0 0 1 1 7 16 0 0 0 15 10 12 14 
1 3 35 
4 11 5 14 19 0 7 2 3 7 11 5 
0 3 8 
0 16 1 17 0 0 1 0 1 0 9 1 1 1 0 1 1 15 18 1 
1 3 18 
9 9 1 2 11 8 17 6 13 14 14 
0 3 7 
4 3 1 17 4 6 12 5 2 12 17 16 19 15 2 15 5 3 9 7 14 10 13 17 13 16 14 16 8 10 
0 3 26 
6 2 16 4 17 19 19 9 9 14 7 14 10 10 7 2 1 10 6 
0 3 15 
11 5 1 2 7 18 1 5 19 8 6 
0 3 7 
16 13 15 1 1 0 0 1 1 0 12 6 12 0 0 0 11 0 1 1 1 0 1 1 1 1 0 11 1 4 
1 3 27 
15 4 5 3 16 4 2 15 17 3 10 15 9 5 17 12 5 6 15 9 0 2 12 12 15 15 16 
0 3 23 
1 4 0 8 0 1 1 1 8 0 0 1 14 0 15 3 
1 3 12 
17 14 15 2 1 0 13 1 18 0 0 0 1 1 0 0 0 0 0 0 0 0 1 1 1 1 0 0 0 0 2 1 9 1 1 12 12 1 1 1 0 15 4 8 16 
1 3 41 
13 4 8 19 1 1 1 1 1 10 1 1 1 3 1 1 1 1 1 0 5 1 0 0 1 14 8 3 
1 3 26 
13 7 9 18 1 0 1 0 0 6 1 7 11 16 7 
1 3 11 
10 8 1 16 15 8 1 16 12 17 
0 3 6 
1 13 8 12 12 1 1 0 1 0 0 0 0 1 13 1 1 1 0 1 19 15 6 7 
1 3 20 
17 2 6 16 10 4 16 8 18 0 17 4 14 1 8 7 15 1 6 7 15 18 2 4 9 9 
0 3 22 
0 9 19 4 1 1 1 1 10 0 4 4 8 5 
1 3 10 
10 9 2 5 1 1 1 0 1 1 1 0 0 1 1 1 1 14 1 1 15 19 0 0 18 16 19 9 10 
1 3 25 
13 0 11 1 18 19 6 3 17 3 16 4 17 5 2 15 8 14 12 
0 3 15 
11 15 5 6 0 1 19 0 1 18 0 1 1 1 1 1 0 1 11 9 17 10 
1 3 18 
0 4 3 17 16 2 3 17 15 6 3 16 0 18 8 7 13 7 4 5 13 5 18 17 5 10 15 13 18 7 15 8 4 17 3 12 6 16 8 10 17 19 14 14 6 19 4 7 19 11 
0 3 51 
3 13 18 19 1 1 1 14 1 0 0 0 0 1 1 1 1 0 1 1 0 4 0 0 11 1 1 0 1 11 11 11 13 15 2 
1 3 31 
19 9 10 2 1 1 0 0 15 17 11 
1 3 8 
18 14 2 17 1 1 2 1 1 4 1 1 1 1 7 1 0 0 0 0 0 1 13 18 17 6 
1 3 22 
17 12 13 3 4 16 0 9 5 7 9 3 3 19 2 10 
0 3 12 
14 16 6 2 0 0 1 0 17 1 7 10 
1 3 8 
3 5 16 0 19 19 10 13 16 16 11 13 8 8 14 19 12 10 12 17 3 3 17 1 6 19 15 10 18 15 2 
0 3 30 
1 9 16 0 11 3 18 6 2 19 4 18 14 10 11 9 1 0 19 13 17 8 18 15 1 0 13 11 12 9 6 2 6 15 
0 3 30 
12 16 15 3 1 1 0 6 3 5 17 
1 3 7 
12 3 14 15 1 10 1 1 19 0 0 15 1 1 0 1 0 0 0 12 12 
1 3 19 
15 16 6 4 17 5 2 14 11 3 9 12 13 18 8 9 1 4 10 12 0 3 3 
0 3 19 
5 15 11 13 15 6 16 10 1 9 16 10 17 2 11 5 7 17 18 15 4 13 5 9 0 5 
0 3 22 
13 1 0 0 1 1 2 1 0 14 0 17 16 0 1 0 1 2 1 1 1 0 1 0 1 1 0 10 1 12 1 0 0 0 1 1 1 0 0 0 1 1 9 9 18 0 
1 3 45 
13 1 18 12 7 14 17 15 2 13 9 5 6 
0 3 9 
17 3 7 14 1 0 0 1 0 0 7 10 0 0 0 0 1 0 16 6 18 
1 3 18 
12 4 8 17 0 1 1 8 1 0 0 0 18 1 0 0 1 1 1 1 1 1 1 11 17 10 1 
1 3 23 
12 18 12 0 8 0 0 0 17 1 0 0 0 1 1 12 1 1 1 0 0 16 2 16 4 
1 3 21 
9 4 18 4 1 18 9 12 13 14 15 19 12 
0 3 9 
4 0 6 9 8 17 12 15 6 1 10 
0 3 7 
18 4 9 19 1 1 0 1 11 8 10 1 
1 3 8 
19 12 8 12 1 10 0 1 1 0 1 1 1 1 2 10 19 
1 3 13 
7 16 16 11 10 18 6 9 6 6 
0 3 6 
6 15 15 17 19 1 1 18 18 7 17 13 7 14 5 3 5 8 16 17 18 3 5 10 
0 3 20 
8 12 5 3 5 2 16 7 18 6 7 1 6 7 5 18 2 4 6 1 18 9 10 6 16 
0 3 21 
15 16 6 11 0 1 0 17 5 16 
1 3 6 
12 18 9 13 0 0 0 0 1 1 1 19 1 0 0 12 4 19 17 
1 3 15 
11 7 16 13 11 6 5 0 
0 3 5 
4 13 2 15 1 0 4 1 0 1 0 15 0 1 0 1 0 17 1 1 1 0 1 1 1 13 5 18 8 
1 3 25 
11 7 14 9 4 9 16 2 11 1 
0 3 6 
13 1 19 17 1 1 0 0 0 1 0 1 12 0 0 1 0 1 1 1 0 0 8 3 1 1 1 0 8 0 17 
1 3 27 
7 16 12 5 0 1 1 1 1 14 1 0 0 18 0 2 
1 3 13 
12 18 14 14 0 18 14 17 18 7 6 8 18 1 10 4 9 7 2 12 10 0 7 3 19 18 2 8 3 16 5 15 15 19 13 14 12 10 
0 3 35 
15 4 19 1 6 19 9 15 2 17 2 10 7 13 9 10 3 10 16 13 18 
0 3 17 
0 1 0 5 11 12 15 18 7 3 18 5 14 1 18 0 12 16 15 4 13 8 8 17 5 10 3 7 8 15 3 
0 3 27 
3 5 0 12 13 12 8 17 4 12 17 17 6 
0 3 9 
6 10 11 15 1 0 0 1 0 1 0 1 1 0 1 0 0 0 1 1 16 15 1 1 0 1 1 7 14 1 17 15 18 7 
1 3 30 
5 4 3 19 6 16 13 19 12 11 5 11 16 18 11 17 0 14 9 16 
0 3 16 
1 12 6 15 10 3 3 9 6 13 8 0 18 14 1 6 17 7 15 17 
0 3 16 
9 8 3 3 0 0 1 0 0 0 1 1 1 0 1 1 0 1 17 9 1 0 0 1 1 1 2 2 1 18 18 13 
1 3 28 
18 7 17 8 2 10 1 3 13 14 5 5 11 3 15 7 
0 3 12 
15 8 10 15 0 2 6 16 14 4 14 7 13 18 9 4 5 9 4 1 17 3 18 
0 3 19 
18 6 19 13 4 0 0 0 1 14 0 1 1 1 0 0 1 1 1 0 1 1 0 8 1 1 7 2 13 
1 3 25 
17 5 16 11 1 15 15 8 11 8 0 16 18 10 13 6 17 18 10 11 8 1 1 2 19 7 13 6 6 12 1 
0 3 27 
12 18 17 13 18 16 7 3 10 10 16 6 6 3 12 3 3 16 12 8 17 19 7 11 7 11 0 9 11 18 10 10 16 0 19 4 3 13 16 12 7 3 7 10 
0 3 42 
9 2 2 9 0 0 1 0 1 19 0 0 1 1 16 1 0 0 18 4 0 0 5 1 1 1 1 0 1 0 5 15 13 0 
1 3 30 
16 2 0 18 1 0 1 1 1 18 12 1 1 0 0 6 0 1 0 1 1 0 1 0 0 0 15 15 10 1 
1 3 26 
18 10 10 9 14 12 18 12 9 15 9 
0 3 7 
1 16 10 18 0 1 1 1 0 0 1 12 1 15 0 16 1 19 1 1 0 11 1 0 0 1 0 0 1 0 14 1 0 0 11 8 9 14 
1 3 34 
11 0 0 4 1 1 1 0 0 7 0 0 0 0 1 1 1 4 12 0 1 0 0 0 0 0 0 0 17 1 1 0 1 1 8 1 1 0 1 1 1 0 18 3 10 1 
1 3 45 
18 11 8 8 7 8 0 6 3 9 12 11 3 14 9 
0 3 11 
10 16 5 1 14 7 5 10 14 9 12 13 8 18 19 8 12 2 11 
0 3 15 
12 5 12 6 7 1 14 14 12 10 7 16 12 4 19 17 1 0 9 1 17 12 7 7 14 18 13 15 2 14 3 17 4 11 4 1 8 12 0 16 2 
0 3 37 
13 17 1 12 14 15 6 0 15 14 14 
0 3 8 
18 11 1 15 0 0 0 0 0 9 9 1 12 
1 3 11 
11 3 19 9 2 4 8 16 13 5 3 5 14 18 0 15 9 13 8 1 17 
0 3 19 
1 2 13 5 15 10 7 15 10 
0 3 5 
9 13 5 8 6 17 19 12 14 16 5 6 11 1 17 10 9 1 5 3 4 7 6 3 16 9 7 2 17 11 1 11 6 13 4 7 19 13 12 
0 3 35 
19 5 16 13 0 16 1 0 0 1 1 8 1 1 0 1 1 0 0 0 1 1 1 8 1 0 11 0 1 9 0 0 1 14 8 9 0 
1 3 33 
10 16 2 10 0 18 2 8 18 18 18 16 10 13 16 1 
0 3 12 
12 3 5 3 0 14 10 11 2 11 18 5 
0 3 9 
16 4 11 19 1 7 1 1 1 1 1 7 1 0 2 4 9 
1 3 14 
3 1 7 7 10 1 6 5 6 1 7 17 
0 3 8 
8 4 1 6 1 5 8 9 11 5 16 9 12 11 19 2 
0 3 12 
17 14 7 14 3 19 3 4 15 19 5 18 9 11 15 
0 3 11 
18 19 16 10 15 8 11 9 11 18 4 6 2 16 5 7 10 19 19 4 6 14 12 11 19 16 1 3 1 15 10 6 12 10 
0 3 30 
1 5 9 13 2 15 0 5 9 17 15 3 0 4 12 4 3 12 8 8 4 13 11 2 11 1 10 10 2 18 7 19 7 1 
0 3 31 
19 17 10 4 19 19 11 4 5 17 2 
0 3 7 
15 16 15 6 1 1 13 1 0 0 16 9 1 5 
1 3 10 
4 19 18 11 5 3 7 11 7 10 3 18 15 7 12 19 9 3 18 11 14 0 8 0 19 2 17 5 7 15 
0 3 26 
18 3 14 1 0 7 1 0 9 4 16 4 
1 3 9 
5 14 11 13 1 0 0 1 0 1 3 1 1 5 0 15 15 
1 3 13 
14 8 2 14 18 11 7 5 17 14 3 12 4 13 5 5 10 15 17 15 12 6 15 6 16 13 6 7 6 8 8 14 1 14 11 12 10 8 10 7 
0 3 37 
7 2 13 13 1 6 1 0 0 1 1 1 1 1 1 1 1 0 1 12 0 2 1 11 0 0 0 1 1 13 1 8 0 9 5 
1 3 31 
17 5 17 12 5 19 16 12 12 16 5 15 7 18 12 16 16 12 15 15 13 2 0 6 13 7 16 12 13 18 11 15 17 0 16 6 6 15 15 6 2 17 6 
0 3 42 
9 16 9 1 12 8 3 0 4 9 1 10 10 15 10 10 3 18 9 9 18 15 9 13 9 10 18 6 17 1 2 9 16 19 
0 3 30 
16 10 2 14 3 9 17 5 14 
0 3 5 
10 2 1 1 0 1 0 1 0 0 0 12 0 1 1 19 0 0 1 2 1 0 17 0 0 19 1 0 1 0 0 0 1 1 7 6 6 15 
1 3 37 
6 2 1 15 1 11 18 3 6 
1 3 5 
10 13 4 8 12 1 15 8 0 13 2 5 16 10 4 4 11 
0 3 13 
9 10 7 11 14 1 19 1 1 0 0 1 0 1 0 0 13 0 0 1 1 0 1 1 0 1 12 0 7 1 1 19 5 6 2 
1 3 31 
