34 75 41 90 0 0 0 0 0 0 0 0 0 0 89 62 52 61 
1 3 14 
9 21 55 99 30 25 11 73 93 63 29 74 72 60 41 35 36 47 89 87 80 13 5 7 53 25 25 32 88 8 38 45 22 80 
0 3 32 
41 43 32 19 60 48 41 69 50 78 11 49 39 8 99 25 85 28 71 82 12 46 33 7 58 19 54 90 8 16 67 
0 3 30 
29 50 70 69 55 68 33 80 59 19 42 59 20 10 21 21 91 60 40 11 56 37 57 76 60 85 63 44 29 
0 3 25 
67 92 20 30 0 0 0 0 0 0 0 0 0 0 0 0 0 0 0 0 0 0 0 0 0 0 0 0 0 0 0 0 57 56 13 84 
1 3 32 
1 86 45 38 0 0 0 0 0 0 0 0 0 0 0 0 0 0 0 0 0 0 0 0 0 0 0 0 0 0 0 0 0 0 0 0 0 52 
1 3 37 
63 41 77 94 41 9 95 55 97 9 54 53 67 65 51 85 9 58 67 94 58 74 83 78 17 3 86 
0 3 23 
18 83 97 15 0 0 0 0 0 0 0 0 61 9 9 53 
1 3 12 
87 28 79 48 0 0 0 0 0 0 0 0 0 0 0 0 0 90 25 63 34 
1 3 17 
56 99 82 36 85 31 3 61 26 25 
0 3 6 
89 2 73 0 0 0 0 0 0 0 0 0 0 0 0 0 0 0 0 0 0 0 0 0 0 0 0 0 0 0 0 0 0 0 0 0 0 0 0 86 
1 3 39 
55 75 75 99 99 31 61 64 65 59 47 89 5 69 16 76 
0 3 12 
69 15 9 33 67 7 43 93 39 47 90 31 79 4 64 63 10 85 34 86 69 41 28 69 25 34 42 82 17 36 47 67 7 89 
0 3 30 
83 6 80 48 0 0 0 0 0 0 0 0 0 0 0 0 0 0 0 0 0 0 0 25 20 17 5 
1 3 23 
20 41 58 88 0 71 19 83 62 
1 3 5 
17 84 33 12 31 94 1 46 29 64 22 
0 3 7 
55 98 83 69 49 6 90 80 88 3 63 65 22 42 34 
0 3 11 
9 44 0 0 0 0 0 0 0 0 0 0 0 0 0 0 0 0 0 0 0 0 0 0 0 0 0 0 0 0 0 0 0 0 0 54 27 23 91 
1 3 37 
94 82 23 17 0 0 85 92 20 52 
1 3 6 
84 37 7 82 0 0 0 0 0 0 0 0 0 0 0 0 0 0 0 0 0 0 0 0 0 0 0 0 0 0 0 0 0 0 0 0 0 47 65 34 29 
1 3 37 
94 0 4 43 0 0 0 0 0 0 0 0 0 0 0 5 53 45 73 
1 3 15 
31 72 25 82 0 0 0 0 0 0 0 0 0 0 0 0 0 0 0 0 0 0 0 0 0 0 0 0 0 0 0 0 0 0 0 0 0 0 0 0 32 18 
1 3 40 
16 72 96 32 69 65 45 35 45 41 20 44 98 65 39 5 29 
0 3 16 
31 10 13 80 82 33 0 80 52 39 50 28 40 15 0 
0 3 11 
59 33 9 58 0 0 0 0 0 0 0 0 0 0 82 22 2 36 
1 3 14 
51 87 54 90 90 90 79 51 51 73 67 54 12 54 32 99 27 43 0 36 73 0 89 12 92 78 37 14 28 72 53 38 99 18 34 63 37 36 65 
0 3 35 
64 22 73 68 0 0 0 0 0 27 26 90 9 
1 3 9 
77 21 56 28 4 47 52 44 56 49 78 
0 3 8 
91 7 10 28 0 0 0 0 0 0 0 0 0 0 0 0 0 0 0 0 0 0 0 51 92 86 
1 3 23 
17 75 27 79 26 21 80 19 79 77 83 55 10 26 52 41 
0 3 12 
25 41 14 44 0 0 0 0 0 0 0 0 0 0 0 0 0 0 0 0 0 0 0 0 0 0 0 0 0 0 87 48 48 91 
1 3 30 
72 59 97 14 46 5 85 21 95 56 17 58 10 99 68 22 54 
0 3 13 
97 27 67 81 0 0 61 74 45 57 
1 3 6 
59 2 85 59 0 0 0 0 0 0 0 0 0 0 0 0 0 0 0 0 0 0 0 0 0 0 0 0 0 0 0 0 0 0 0 0 0 0 0 75 87 24 6 
1 3 39 
51 61 98 15 61 32 20 42 56 98 12 30 44 29 2 46 6 13 23 82 68 12 39 0 24 67 58 40 76 70 45 
0 3 27 
39 99 46 58 0 0 0 0 0 0 0 0 0 13 76 63 
1 3 13 
57 47 95 7 0 0 0 0 0 0 0 0 0 0 0 84 26 54 
1 3 15 
19 40 61 85 35 14 61 60 88 60 9 51 57 90 84 7 13 49 37 60 86 91 52 3 79 6 1 38 36 77 
0 3 26 
74 38 37 15 0 0 99 59 74 
1 3 6 
35 5 99 31 0 0 0 0 0 0 0 0 0 5 25 7 91 
1 3 13 
21 79 89 4 99 22 87 17 8 49 34 95 64 76 84 40 96 99 3 
0 3 15 
73 48 15 76 27 39 51 74 94 52 2 36 94 64 13 10 50 47 80 62 83 29 44 33 51 37 11 9 0 33 70 91 56 40 10 
0 3 31 
10 35 83 0 0 0 0 0 0 0 0 0 0 0 0 0 0 0 0 0 0 0 0 0 0 0 0 0 0 0 0 0 0 0 93 64 34 87 
1 3 35 
85 40 87 74 0 0 12 58 58 91 
1 3 6 
78 56 85 9 0 0 0 0 0 0 0 0 0 0 0 0 0 0 0 0 0 0 0 0 0 0 0 0 0 0 0 0 0 8 1 
1 3 33 
65 39 16 27 0 0 0 0 0 0 0 0 0 0 0 0 0 0 0 0 0 0 0 0 55 27 40 39 
1 3 24 
49 27 9 60 23 38 40 50 43 26 19 43 69 23 27 98 94 
0 3 13 
31 98 74 53 93 99 96 31 67 16 65 66 70 99 77 47 70 49 56 31 41 60 28 75 68 70 83 7 52 74 82 65 42 
0 3 30 
35 43 44 67 0 0 0 0 0 0 0 0 0 0 0 0 0 0 0 0 0 0 0 0 0 0 0 0 0 0 0 0 0 0 0 0 0 0 0 0 0 0 93 24 78 46 
1 3 42 
78 7 81 98 1 0 69 28 92 77 12 1 46 70 57 94 
0 3 12 
7 95 83 35 28 84 2 33 94 11 72 51 61 26 41 27 17 15 80 80 67 52 2 
0 3 19 
96 5 66 5 58 83 79 25 31 28 
0 3 6 
14 49 11 1 0 0 0 0 0 0 0 0 0 0 0 0 0 0 0 0 0 0 0 0 0 0 0 0 0 0 0 0 0 0 0 57 21 90 73 
1 3 35 
93 97 53 64 35 48 83 98 98 82 74 79 78 55 37 3 0 53 4 41 46 11 41 14 18 52 65 2 31 
0 3 26 
57 82 76 84 1 56 61 67 84 46 40 43 87 61 96 4 20 72 37 92 34 85 33 20 71 
0 3 21 
56 0 76 91 0 0 0 0 0 0 0 0 0 0 0 0 0 0 0 46 81 83 26 
1 3 19 
61 0 0 0 0 0 0 0 0 0 0 0 0 0 0 39 49 11 18 
1 3 18 
79 34 95 24 59 41 48 61 96 
0 3 5 
48 22 64 59 58 20 3 54 92 
0 3 5 
95 46 37 79 0 0 0 0 0 0 0 0 0 0 0 0 0 0 0 0 0 11 92 
1 3 21 
1 29 94 64 0 0 0 0 0 0 0 0 0 0 0 0 0 0 0 0 0 0 31 76 97 75 
1 3 22 
95 52 62 72 31 69 30 47 83 14 18 20 36 86 67 73 53 20 47 36 50 14 83 70 65 46 4 92 53 70 0 69 38 8 48 59 93 77 58 85 
0 3 36 
98 83 1 76 0 0 0 0 0 0 0 0 0 0 0 48 21 54 68 
1 3 15 
48 82 38 71 23 76 94 97 67 27 10 75 7 67 17 78 51 15 94 79 21 48 65 75 29 0 39 28 94 
0 3 25 
72 69 79 21 0 0 0 0 0 0 0 0 0 0 0 0 0 0 0 0 0 0 0 62 97 22 32 
1 3 23 
49 95 58 62 35 45 29 82 44 77 
0 3 6 
97 90 66 86 99 59 58 53 98 87 67 73 77 93 42 
0 3 11 
30 55 67 2 0 0 0 0 0 0 0 0 0 0 0 0 0 0 0 81 2 38 40 
1 3 19 
97 61 96 87 0 0 0 0 0 0 0 0 0 0 0 0 0 0 0 0 0 0 0 0 0 0 0 0 0 0 0 0 0 0 0 0 0 64 29 72 61 
1 3 37 
47 1 78 2 0 0 0 0 0 0 0 0 0 0 0 0 0 0 0 0 0 0 0 0 0 0 0 0 0 0 58 60 74 36 
1 3 30 
12 20 72 41 21 49 41 42 51 46 77 48 67 72 16 97 37 6 43 90 9 62 54 80 78 
0 3 21 
26 80 90 65 0 0 0 0 0 0 0 0 0 0 0 0 0 0 80 24 83 
1 3 17 
97 5 87 92 13 90 9 54 89 71 55 92 80 70 94 41 49 72 96 35 
0 3 16 
93 51 24 74 57 22 84 92 79 88 29 79 34 97 98 55 81 25 68 65 67 21 94 7 18 98 62 63 14 60 97 57 17 58 30 35 97 97 11 3 87 52 61 9 
0 3 40 
5 84 71 19 42 33 87 26 34 72 3 48 68 32 94 7 4 98 67 91 5 56 62 33 48 20 97 50 59 42 17 71 80 75 
0 3 30 
56 80 12 34 8 58 45 24 77 62 49 96 64 18 22 76 35 58 28 61 62 38 13 59 63 69 87 94 80 85 86 27 47 74 96 1 86 8 82 84 43 73 91 13 44 49 68 40 55 34 
0 3 49 
29 10 36 9 0 0 0 0 69 60 59 29 
1 3 8 
18 46 77 97 0 0 0 0 0 0 0 0 0 0 0 0 0 0 0 0 0 80 83 95 47 
1 3 21 
35 61 47 2 0 0 0 0 0 0 0 0 0 0 0 0 72 50 68 66 
1 3 16 
88 64 94 4 31 66 93 64 44 88 85 66 73 65 83 80 42 
0 3 13 
53 21 4 50 0 0 0 0 0 0 0 0 49 64 89 
1 3 12 
95 18 48 10 49 8 41 89 29 70 59 54 50 19 77 15 92 29 14 81 81 7 3 56 90 70 42 30 64 93 50 84 78 25 57 
0 3 33 
9 77 22 14 0 0 0 0 0 0 0 0 0 0 0 0 0 0 0 0 0 0 0 0 0 0 4 20 72 6 
1 3 26 
81 37 58 12 0 0 0 0 0 0 0 0 0 0 0 0 7 6 76 84 
1 3 16 
1 96 9 60 43 75 66 99 97 68 85 93 46 6 49 60 82 6 12 26 39 96 62 12 98 19 94 52 23 59 93 
0 3 27 
16 52 52 59 53 9 70 92 68 91 57 19 65 77 45 60 17 40 83 51 41 30 86 27 63 
0 3 23 
73 88 63 57 43 65 57 42 50 96 43 69 12 81 90 
0 3 11 
71 13 82 44 0 0 52 37 77 44 
1 3 6 
54 13 30 74 16 92 91 20 40 59 32 22 88 60 90 55 38 51 18 56 21 28 
0 3 18 
65 74 63 10 0 0 0 0 0 35 18 8 56 
1 3 9 
52 30 2 69 14 4 33 35 92 46 64 67 29 11 44 44 25 45 6 98 10 52 95 16 99 21 78 3 0 18 46 41 28 8 61 90 99 29 20 77 92 
0 3 37 
36 45 64 57 35 6 36 14 4 26 36 92 81 45 99 83 49 34 8 32 39 57 24 36 89 16 1 82 24 23 37 93 94 84 50 97 59 64 80 
0 3 35 
79 3 5 19 0 0 0 0 16 1 85 82 
1 3 8 
39 78 21 64 0 0 0 0 0 0 0 0 0 0 0 0 0 0 0 0 0 0 0 0 0 0 48 44 81 87 
1 3 26 
60 40 18 52 0 0 0 0 0 0 0 0 0 0 0 0 0 0 0 0 0 0 0 69 33 66 99 
1 3 23 
38 9 98 58 78 46 95 80 34 10 
0 3 6 
54 56 22 25 62 8 45 47 11 14 46 23 72 1 60 80 92 48 48 54 4 25 1 77 79 14 87 26 4 68 
0 3 26 
69 3 91 11 11 92 38 88 45 92 83 47 6 73 80 48 
0 3 12 
58 65 13 1 72 38 77 68 87 66 74 42 47 78 5 28 42 44 25 55 30 51 49 0 47 15 3 84 41 53 5 21 20 55 26 81 42 10 57 75 14 32 6 99 5 47 
0 3 45 
35 67 8 94 0 0 85 4 22 76 
1 3 6 
43 11 3 11 46 82 40 45 13 90 14 81 43 63 6 11 
0 3 12 
16 43 65 10 0 0 0 0 0 0 0 0 0 0 0 0 0 0 71 79 58 35 
1 3 18 
77 94 20 51 0 0 0 0 0 87 79 44 86 
1 3 9 
79 60 50 81 0 0 7 92 1 72 
1 3 6 
28 53 39 35 73 72 36 33 31 22 4 61 31 37 81 26 56 31 97 25 2 95 37 94 93 33 72 92 49 39 80 28 54 24 38 25 3 
0 3 33 
5 68 51 96 22 24 18 63 12 86 18 1 61 76 54 97 19 17 66 63 39 29 65 14 1 58 31 38 99 25 4 17 71 29 94 4 75 82 62 86 8 83 58 
0 3 39 
77 45 83 92 49 46 64 60 92 2 85 83 90 6 1 77 30 94 31 17 72 7 77 60 47 86 65 
0 3 26 
47 23 87 4 73 25 81 32 63 2 58 33 66 32 62 9 23 70 6 36 34 80 49 45 69 78 22 78 
0 3 27 
59 6 32 49 0 0 0 0 0 0 0 0 0 0 0 97 61 53 97 
1 3 15 
85 18 45 6 71 26 45 87 12 85 65 66 44 81 
0 3 13 
3 97 73 20 21 56 38 50 7 76 56 72 97 89 94 70 51 4 4 49 22 47 26 30 34 55 46 
0 3 23 
39 18 31 7 50 52 67 96 
0 3 6 
74 16 50 50 24 19 16 96 82 14 60 66 65 13 81 59 30 86 
0 3 14 
16 1 10 63 0 0 0 0 0 0 0 0 0 0 0 0 0 0 0 0 0 0 0 0 0 0 0 0 0 0 0 0 0 0 0 0 0 0 60 69 
1 3 38 
57 95 75 87 0 0 0 0 0 0 0 0 0 0 0 0 0 0 0 0 0 0 0 0 0 0 0 58 55 79 86 
1 3 27 
65 60 56 27 56 58 90 61 34 79 31 97 28 82 80 94 21 
0 3 13 
65 0 9 11 0 0 0 0 0 0 0 0 0 0 0 0 0 0 0 0 0 0 0 0 0 0 83 90 26 42 
1 3 26 
89 97 0 38 67 54 60 43 42 94 58 72 50 61 91 66 70 21 73 69 27 29 
0 3 18 
45 35 53 55 0 0 0 0 19 17 70 69 
1 3 8 
17 96 76 54 0 0 0 0 0 0 0 0 0 0 0 0 0 0 0 0 0 52 87 8 41 
1 3 21 
80 73 0 0 0 0 0 0 0 0 0 0 0 0 0 0 0 0 0 0 0 0 0 0 0 0 0 0 0 0 0 0 0 0 0 0 0 0 0 0 0 0 0 0 0 0 59 85 48 71 
1 3 48 
31 24 75 91 63 73 54 86 24 80 62 82 88 0 53 82 49 7 31 5 
0 3 16 
10 21 46 72 68 7 14 6 54 24 64 35 70 69 98 5 39 47 61 14 2 94 53 83 67 88 93 
0 3 23 
76 29 0 0 0 0 0 0 0 0 0 0 0 0 0 0 0 0 0 0 0 0 0 0 0 0 0 0 0 0 0 0 0 0 0 25 50 85 32 
1 3 37 
94 39 30 69 49 68 29 32 54 64 30 30 18 13 20 75 
0 3 12 
55 99 35 53 0 0 0 0 0 0 0 0 0 0 0 0 61 63 26 48 
1 3 16 
43 63 0 90 0 0 0 0 0 0 0 0 0 0 0 0 0 0 0 0 0 16 
1 3 21 
12 75 91 30 71 80 31 88 4 85 20 67 8 14 92 44 3 
0 3 13 
67 36 95 94 64 50 81 54 77 72 74 72 2 72 34 81 80 6 70 18 32 3 91 97 9 2 78 97 25 50 66 27 51 90 
0 3 30 
80 44 40 3 0 0 0 0 0 0 0 0 0 0 0 0 0 0 0 0 0 0 0 0 0 0 0 0 0 0 0 0 0 66 86 11 34 
1 3 33 
45 20 18 32 32 98 12 50 36 34 42 1 45 60 22 41 17 7 47 63 64 41 45 73 12 89 75 79 39 6 80 54 90 23 25 58 2 98 88 94 61 63 36 29 
0 3 40 
28 72 18 15 74 24 94 61 57 60 9 5 7 78 75 36 47 97 1 49 30 15 81 93 37 45 73 51 1 32 95 63 16 
0 3 32 
78 38 97 67 0 0 0 0 0 0 0 0 0 0 0 0 0 0 0 0 0 0 0 0 0 0 0 0 0 0 0 0 0 0 95 54 80 20 
1 3 34 
35 32 23 43 0 0 0 0 0 0 0 0 0 0 0 0 0 80 
1 3 17 
33 51 55 14 0 0 0 0 0 0 0 0 0 0 0 0 0 0 0 0 0 0 0 0 0 0 0 0 0 0 70 86 46 48 
1 3 30 
36 61 15 55 69 90 78 33 64 46 1 92 6 7 55 50 1 9 32 16 
0 3 16 
40 52 31 6 0 0 0 0 0 0 0 0 0 0 0 0 0 0 0 0 0 0 0 41 69 2 81 
1 3 23 
51 89 60 23 32 88 52 63 83 59 42 88 47 12 34 
0 3 11 
26 84 56 63 0 0 0 0 0 0 0 0 0 0 0 0 82 23 11 38 
1 3 16 
77 26 93 19 0 0 0 0 0 0 0 0 51 12 39 28 
1 3 12 
37 29 32 0 0 0 0 0 0 0 0 0 0 0 0 0 0 0 0 0 0 0 0 44 0 44 11 
1 3 24 
97 29 11 51 7 94 22 35 78 32 49 0 86 53 26 
0 3 11 
41 48 30 85 0 0 0 0 0 0 0 0 0 0 0 0 0 0 0 0 0 0 0 0 0 0 0 0 0 0 0 0 69 44 81 30 
1 3 32 
10 44 39 81 26 89 37 73 48 1 90 65 88 3 69 42 64 91 77 79 94 68 89 36 33 77 39 96 93 31 25 45 32 0 11 8 46 60 0 86 74 5 76 76 51 
0 3 44 
87 75 88 0 0 0 0 0 0 0 0 0 0 0 0 0 0 0 0 0 0 0 0 0 0 0 0 0 0 43 99 95 3 
1 3 30 
87 51 89 55 0 0 0 0 0 0 17 78 33 45 
1 3 10 
21 83 71 72 58 9 42 67 86 86 16 1 30 85 16 22 5 25 68 48 83 19 
0 3 18 
81 8 0 0 0 0 0 0 0 0 0 0 0 0 0 0 0 0 0 0 0 0 0 0 0 0 43 98 19 7 
1 3 27 
98 1 80 3 69 99 55 99 40 57 79 80 18 93 58 82 50 53 76 67 55 69 70 15 4 71 76 0 85 59 28 57 58 74 52 25 7 61 
0 3 34 
73 48 81 8 0 0 0 0 0 13 11 19 83 
1 3 9 
41 6 91 48 0 0 0 0 0 0 0 0 0 0 0 0 0 0 0 0 0 0 0 0 45 35 89 39 
1 3 24 
40 41 40 29 0 79 5 59 26 
1 3 5 
29 91 23 11 93 79 8 97 89 4 66 20 69 31 53 94 41 56 95 30 
0 3 16 
88 25 3 16 0 0 0 0 0 0 0 0 0 0 0 0 0 0 0 0 0 0 0 0 0 0 0 0 0 0 0 0 0 0 0 0 0 0 0 86 65 13 66 
1 3 39 
67 56 94 10 26 40 43 55 7 58 56 36 33 99 47 32 34 
0 3 13 
1 7 38 71 31 42 54 88 16 11 15 17 25 13 17 51 94 55 55 90 
0 3 17 
99 94 93 28 0 0 0 0 0 0 0 0 0 0 0 0 0 0 0 0 0 0 0 0 0 0 0 0 0 0 0 0 45 57 21 99 
1 3 32 
51 60 85 82 82 75 33 21 66 42 83 65 16 77 
0 3 10 
34 69 44 88 34 98 86 87 33 62 36 14 61 49 84 42 93 59 79 80 31 46 41 60 89 10 75 43 8 33 85 19 15 58 69 4 83 5 
0 3 35 
59 45 97 42 88 45 7 7 21 22 84 80 55 34 45 45 30 
0 3 13 
54 54 77 81 3 67 10 38 13 30 50 60 30 74 43 23 82 43 85 1 81 42 35 5 4 6 92 10 48 38 47 44 59 
0 3 29 
92 81 32 49 0 0 0 0 0 0 0 0 0 0 0 0 0 0 0 0 0 0 0 0 0 0 0 0 0 68 45 25 94 
1 3 29 
62 93 84 47 0 0 0 0 0 0 0 0 0 0 0 0 0 0 0 0 76 61 37 79 
1 3 20 
81 1 15 98 0 0 18 84 28 73 
1 3 6 
84 28 74 0 0 0 0 0 0 0 0 0 76 78 27 46 
1 3 13 
82 31 62 48 0 0 0 0 0 0 0 0 0 0 0 34 11 46 48 
1 3 15 
84 74 76 39 59 83 28 89 61 82 53 30 6 21 52 99 15 16 9 69 27 97 48 93 62 92 41 7 74 30 54 45 52 56 85 4 69 18 
0 3 34 
25 49 36 34 44 68 6 45 43 91 52 81 48 82 51 70 41 43 41 27 10 83 67 79 42 89 72 18 68 72 40 61 22 62 79 80 72 27 43 44 5 38 93 85 
0 3 43 
90 15 21 22 24 60 9 23 72 38 69 56 56 33 91 18 60 61 18 58 41 94 
0 3 18 
44 0 0 0 0 0 0 0 0 0 0 0 0 0 0 0 0 0 0 0 0 0 0 0 0 0 0 0 0 0 0 0 0 0 0 0 53 93 61 52 
1 3 39 
65 79 33 28 11 87 72 23 0 47 58 98 17 88 
0 3 10 
99 37 63 66 0 0 0 0 0 0 0 0 0 0 0 0 0 0 0 0 0 0 0 0 0 0 11 17 44 97 
1 3 26 
16 26 84 23 0 0 0 0 0 0 0 0 0 0 14 68 8 10 
1 3 14 
92 35 85 2 24 7 38 57 0 98 98 9 40 
0 3 9 
23 98 74 47 0 0 0 0 0 0 0 0 0 0 0 0 0 0 0 0 0 0 0 54 
1 3 23 
27 42 91 10 0 0 0 0 0 0 0 0 0 0 0 0 0 0 0 0 0 0 0 0 0 0 0 0 0 0 0 0 0 0 0 0 0 0 0 0 79 24 50 36 
1 3 40 
4 73 8 0 0 0 0 0 0 0 0 0 0 0 0 0 0 0 0 0 0 0 0 0 0 0 0 0 0 96 72 94 84 
1 3 30 
89 67 77 61 59 10 31 71 72 92 57 99 84 79 48 90 62 65 46 87 27 4 28 
0 3 19 
10 0 0 0 0 0 0 0 0 0 0 0 0 40 61 93 58 
1 3 16 
71 64 91 72 0 0 0 0 0 0 0 0 0 0 33 95 
1 3 14 
6 63 0 0 0 0 0 0 0 29 26 56 42 
1 3 11 
10 56 50 26 3 49 34 19 50 88 27 2 
0 3 8 
86 9 28 64 64 87 63 39 38 51 52 1 83 48 7 66 97 67 37 20 84 66 10 50 49 64 50 21 23 96 66 75 
0 3 31 
47 6 50 98 42 73 83 88 81 2 87 3 21 9 66 48 71 8 32 62 96 21 70 35 68 77 
0 3 22 
17 5 31 52 24 36 42 89 62 96 47 25 2 60 49 17 75 72 
0 3 14 
75 33 55 40 0 0 0 0 0 0 0 0 0 0 0 0 0 0 0 0 0 0 0 0 0 0 0 14 0 82 53 
1 3 27 
71 53 41 53 0 0 0 0 0 0 0 0 84 69 39 46 
1 3 12 
8 73 16 41 0 0 0 0 0 0 0 0 0 0 0 9 
1 3 15 
90 97 75 83 44 79 47 5 42 22 67 29 48 82 5 12 61 11 42 33 80 64 37 79 93 71 
0 3 23 
72 25 30 46 0 0 0 0 0 0 39 62 39 68 
1 3 10 
68 91 92 61 29 95 28 75 64 38 33 46 96 
0 3 9 
74 90 77 9 89 65 23 47 52 70 50 96 99 35 35 94 99 2 37 57 58 84 54 
0 3 19 
34 3 41 10 76 51 16 96 92 67 15 96 54 90 78 70 65 82 92 11 20 9 54 76 74 96 87 73 23 42 93 72 72 
0 3 29 
90 57 70 42 9 64 32 5 67 17 87 
0 3 7 
64 42 59 33 35 68 6 86 70 61 19 9 67 2 54 76 77 29 97 16 92 86 67 83 32 68 9 29 1 46 54 58 66 42 54 23 
0 3 33 
91 24 0 65 28 7 12 75 62 97 40 75 21 
0 3 9 
90 91 58 1 0 0 0 0 0 0 0 0 0 0 0 0 0 0 0 0 0 0 0 0 76 39 83 4 
1 3 24 
62 78 1 52 83 25 31 6 22 5 27 65 86 8 6 4 72 16 12 44 51 21 37 80 72 
0 3 24 
86 10 53 12 91 94 30 99 77 60 68 50 17 28 73 67 27 20 44 60 23 81 15 63 33 91 51 62 80 35 62 37 68 39 9 27 78 68 75 30 97 34 
0 3 40 
73 70 70 57 18 81 91 3 72 11 23 23 28 4 89 75 
0 3 14 
60 7 70 95 0 0 0 0 0 0 0 0 0 0 43 8 43 90 
0 3 14 
53 58 37 13 0 0 0 0 0 0 0 0 0 0 32 34 80 44 
0 3 14 
8 49 78 9 0 0 0 0 0 0 0 0 0 0 7 85 66 55 
0 3 14 
5 56 34 70 0 0 0 0 0 0 0 0 0 0 28 21 18 28 
0 3 14 
