1 7 14 14 1 1 1 2 0 0 2 15 13 
1 3 9 
2 16 10 12 1 1 1 1 0 18 1 0 1 1 1 0 0 0 1 3 1 19 0 5 0 18 0 1 1 19 9 2 9 
1 3 29 
15 13 1 19 1 1 12 0 17 7 
1 3 6 
8 18 6 15 10 18 0 3 11 7 9 14 3 6 4 7 5 16 5 18 9 
0 3 17 
2 3 0 17 0 8 1 1 0 5 1 1 0 18 0 1 0 1 0 6 14 1 1 0 1 0 0 5 0 1 1 1 1 0 10 1 8 
1 3 34 
8 2 9 15 18 13 7 13 12 18 15 5 17 0 19 16 6 5 18 10 6 7 12 13 
0 3 20 
19 17 17 4 2 0 10 3 16 
0 3 5 
11 10 8 12 0 12 0 5 1 1 0 1 0 1 0 0 0 0 2 0 1 0 0 5 1 1 2 11 19 12 
1 3 26 
7 15 14 11 18 15 0 3 7 
0 3 5 
16 5 6 3 12 15 4 17 11 
0 3 5 
10 11 17 0 2 1 1 1 1 1 0 0 0 1 0 1 1 10 0 4 1 
1 3 17 
5 17 14 13 0 1 0 0 1 3 1 0 1 0 1 0 1 0 1 4 2 18 
1 3 18 
1 5 2 16 18 1 0 0 1 1 0 0 0 1 1 6 4 5 
1 3 14 
15 6 13 5 0 0 1 11 1 15 5 6 9 
1 3 9 
0 8 1 0 1 1 0 1 0 1 1 1 15 11 5 
1 3 12 
19 19 12 7 18 7 17 4 12 16 16 1 10 10 9 
0 3 12 
10 10 5 1 0 7 17 9 2 1 5 11 8 
0 3 9 
17 13 11 18 3 17 14 11 13 13 19 18 7 11 6 12 10 6 15 17 10 0 16 2 0 10 
0 3 22 
5 16 5 19 0 0 0 6 7 8 0 1 0 0 0 1 0 1 1 1 1 0 15 2 1 13 
1 3 22 
4 6 5 6 6 8 18 14 6 16 16 4 12 7 1 13 5 10 10 13 
0 3 16 
